[gd_scene load_steps=8 format=2]

[ext_resource path="res://material/door_frame.tres" type="Material" id=1]
[ext_resource path="res://material/rock.tres" type="Material" id=2]
[ext_resource path="res://mesh/low_poly_rock.obj" type="ArrayMesh" id=3]
[ext_resource path="res://default_env.tres" type="Environment" id=4]
[ext_resource path="res://mesh/entrance.obj" type="ArrayMesh" id=6]
[ext_resource path="res://material/triplanar_grass.tres" type="Material" id=7]

[sub_resource type="PlaneMesh" id=1]
size = Vector2( 40, 40 )

[node name="Main" type="WorldEnvironment"]
environment = ExtResource( 4 )

[node name="DirectionalLight" type="DirectionalLight" parent="."]
transform = Transform( 0.610892, -0.632723, 0.475892, 0, 0.60109, 0.799181, -0.791714, -0.488213, 0.367201, 0, 3.06314, 0 )
shadow_enabled = true

[node name="MeshInstance" type="MeshInstance" parent="."]
mesh = SubResource( 1 )
material/0 = ExtResource( 7 )

[node name="entrance" type="MeshInstance" parent="."]
transform = Transform( 0.770068, -0.243417, -0.589698, 0, 0.924346, -0.381554, 0.637962, 0.293823, 0.71181, 0.446677, 6.20134, 12.4137 )
mesh = ExtResource( 6 )
material/0 = ExtResource( 1 )

[node name="low_poly_rock" type="MeshInstance" parent="."]
transform = Transform( 0.446328, -0.530693, 0.720525, 0.425924, 0.834105, 0.350511, -0.787007, 0.150446, 0.598319, 8.71094, -0.0390528, 9.88438 )
mesh = ExtResource( 3 )
material/0 = ExtResource( 2 )
